3645442270
3645422493
3645409503
3645370276
3645363195
3645356110
3645350304
3645342339
3645320133
3645297066
3645257058
3640335929
3639346133
3639093197
3632406559
3632038208
3631781121
3625028383
3624645863
3616949564
3616177808
3615737362
3612316949
3611877241
3611873698
3611871850
3611863077
3611855197
3609853420
3609101008
3609091615
3609020429
3608725720
3608720176
3608708074
3608694044
3608690515
3608683405
3608677926
3608655641
3608653244
3608651035
3608644604
3608603913
3608597883
3608587671
3608563234
3608462985
3608421637
3608406051
3608391091
3608389603
3608369103
3608359531
3608325630
3608309975
3608301985
3608288543
3608253523
3605256026
3605191373
3595303382
3587536988
3583689756
3561376270
3561374447
3559819521
3559818022
3559811720
3559781541
3559779108
3559776400
3559431420
3559425587
3559409526
3559400043
3559393134
3559385029
3557908749
3557859305
3557834650
3557752509
3557645478
3557608242
3557254705
3556883113
3553890844
3553884412
3553876872
3553867355
3553858063
3553846524
3553828233
3553816445
3553811406
3553806109
3553796647
3553768476
3553754321
3553747858
